R1=1000;
R2=1000;
R3=10000;
R4=15000;
C1=1e-7;
C2=1e-7;
V1=1;